../../.git/annex/objects/9Q/v7/MD5E-s276201--2bf327ed1cd726ed2edde4b5d44a9fd5.tsv/MD5E-s276201--2bf327ed1cd726ed2edde4b5d44a9fd5.tsv